100
20
86 55 2 62 43 2
15 31 1 82 46 1
31 4 2 50 28 3
23 55 1 28 34 3
31 94 4 46 88 3
81 1 1 20 10 3
22 37 4 23 91 1
16 94 3 33 10 2
10 79 2 99 25 3
21 13 1 24 13 2
7 10 4 44 52 1
12 16 1 42 88 3
10 91 2 85 91 3
90 76 3 71 88 2
5 55 3 51 10 4
95 70 4 5 97 1
82 94 1 23 82 4
64 97 2 50 34 1
94 31 2 40 31 4
68 43 4 74 19 2
39 97 3 12 28 1
18 40 3 32 79 4
41 10 2 17 46 2
35 88 2 85 40 4
15 34 4 82 1 4
80 34 3 11 64 2
34 40 3 97 73 1
22 73 4 21 79 3
26 52 3 37 88 4
66 64 3 18 58 1
13 82 2 29 70 2
32 82 3 99 52 2
62 97 4 77 67 3
16 31 4 49 1 1
72 85 2 97 76 4
91 55 1 5 1 1
49 40 4 28 28 1
55 1 3 94 82 1
89 43 3 98 4 3
28 61 2 25 37 1
98 61 4 44 31 4
53 31 3 25 88 4
66 22 1 99 1 3
21 85 1 24 4 1
18 70 1 49 61 1
13 91 3 92 94 3
23 73 3 88 70 3
11 55 1 99 16 2
21 58 2 20 7 4
51 13 3 98 7 2
19 91 1 53 25 1
75 7 1 72 67 4
81 76 4 68 94 3
32 52 1 87 58 4
16 46 3 58 91 2
74 1 4 84 16 1
34 49 4 32 25 2
51 19 1 99 31 1
42 4 3 29 49 1
51 22 4 30 4 3
56 22 3 25 10 2
77 76 4 86 31 2
75 55 1 88 19 4
45 28 4 11 73 3
27 31 1 38 70 1
62 16 3 68 85 2
38 31 2 9 82 2
38 82 1 94 13 4
27 88 2 99 46 4
40 49 2 77 61 1
28 64 1 54 91 2
46 7 2 5 25 1
53 82 2 67 34 4
17 70 2 79 70 4
37 58 2 87 91 1
76 52 1 73 79 3
53 34 2 17 22 2
77 1 1 58 25 4
74 7 2 75 4 2
63 55 1 12 37 2
13 61 1 24 61 2
19 79 1 89 73 1
40 82 3 64 76 1
74 4 3 70 19 2
8 49 2 61 97 1
6 94 1 41 91 3
63 67 1 2 70 1
30 16 3 91 88 2
66 73 4 8 55 4
20 91 4 99 7 1
72 58 3 24 91 4
10 28 3 87 46 4
28 1 2 42 49 4
37 46 2 81 91 3
66 10 1 46 28 3
35 22 4 32 34 3
96 55 4 11 76 2
92 58 3 82 76 3
48 82 3 87 94 4
33 31 3 53 79 3
80 4 1 74 67 2
42 46 1 13 58 2
51 37 3 34 61 4
35 40 2 53 4 4
90 25 4 99 61 3
34 31 2 97 70 2
35 34 4 48 88 1
56 67 4 52 28 1
73 34 2 41 1 1
69 49 1 75 31 1
46 67 2 76 79 4
7 22 4 15 94 4
42 31 2 31 82 4
30 40 3 34 13 4
22 49 4 3 79 1
36 85 2 91 67 1
5 91 3 74 31 2
23 85 3 64 7 4
6 97 4 47 4 2
90 61 4 52 1 2
35 46 4 92 49 2
11 37 3 28 85 2
27 34 4 70 10 1
70 46 1 41 19 3
85 82 2 55 19 1
23 76 2 89 94 2
68 49 2 40 10 3
95 25 3 40 28 1
81 13 1 8 19 4
51 49 3 43 10 4
83 28 2 14 37 4
83 85 3 33 58 2
29 97 1 92 67 4
52 58 3 43 37 3
98 49 4 14 43 2
31 40 2 65 85 1
39 94 4 7 19 1
25 4 4 35 31 1
70 52 3 75 46 4
80 25 2 75 34 4
30 67 2 38 43 2
61 58 2 37 40 4
60 19 4 37 13 1
97 94 2 60 49 2
37 82 2 35 25 3
1 40 4 65 10 2
49 43 3 77 82 2
75 67 1 37 76 4
68 67 4 47 58 4
79 43 1 84 88 1
97 61 1 21 73 1
75 94 4 74 22 1
79 22 4 74 61 4
27 91 1 55 49 3
45 22 2 49 82 2
37 34 2 1 34 2
62 88 3 79 64 2
64 31 4 89 49 1
17 25 1 66 28 3
3 4 2 24 85 2
77 4 4 49 94 2
47 82 4 86 34 1
91 28 2 62 25 4
61 22 2 15 85 3
73 82 2 44 64 1
35 94 4 33 34 2
58 19 2 57 64 4
86 4 3 55 85 3
73 19 3 35 61 3
18 52 3 66 1 4
86 79 2 62 64 3
18 94 1 52 70 3
48 37 2 29 85 1
97 10 2 21 49 1
71 31 1 87 64 2
9 88 4 37 7 3
69 16 4 34 28 3
30 25 4 83 88 2
90 31 2 42 34 1
99 40 2 27 97 3
72 13 2 57 91 3
10 88 3 84 58 3
97 40 4 37 37 1
63 97 3 77 31 3
89 25 1 61 67 3
8 61 2 60 67 4
53 70 2 18 1 4
21 82 2 9 31 3
30 10 1 46 97 4
99 55 1 51 61 3
83 94 4 69 25 1
37 85 1 20 40 1
85 25 1 55 7 1
63 82 4 29 43 3
65 28 4 5 49 1
17 43 3 77 19 3
66 19 2 7 4 2
21 61 1 61 55 3
95 28 2 17 19 3
64 82 3 96 73 2
79 73 3 54 19 2
34 46 1 32 76 1
22 25 4 66 79 2
43 58 4 51 34 4
44 88 1 56 52 1
87 1 3 41 22 2
43 43 1 48 85 2
6 52 3 5 58 2
53 55 3 93 79 3
47 55 1 58 43 2
34 1 4 88 82 3
96 40 1 79 67 1
12 67 4 21 88 4
65 76 4 9 76 4
59 37 3 91 97 3
68 97 2 13 88 4
58 97 4 91 94 4
6 49 4 61 4 4
38 55 2 38 67 2
47 1 3 1 67 3
38 28 3 62 85 4
45 25 1 56 76 1
64 70 3 17 82 2
52 43 4 1 10 2
62 19 2 43 76 2
35 4 2 37 31 3
86 70 1 16 4 1
35 79 1 92 10 3
7 49 3 22 67 2
99 4 2 18 16 3
99 73 3 15 10 4
2 73 4 82 91 2
72 94 3 44 37 2
67 25 3 58 52 3
19 46 4 62 13 4
13 49 1 41 73 1
22 40 3 45 34 2
48 13 2 62 40 3
99 94 4 97 37 1
8 7 4 44 85 2
86 1 4 42 97 4
86 67 2 94 7 2
82 28 3 98 16 3
63 64 2 12 46 3
30 82 1 55 25 3
62 34 1 51 43 1
31 25 3 68 16 1
60 61 2 59 88 2
24 88 1 89 1 1
12 97 2 18 76 3
59 25 3 59 34 4
67 7 1 25 46 2
72 91 4 33 70 2
52 55 4 70 55 2
69 1 1 55 88 2
17 13 1 45 91 3
91 61 3 87 97 3
92 40 1 53 13 1
7 67 1 31 76 2
38 4 3 14 7 2
75 64 2 4 52 1
73 31 3 46 25 4
68 28 1 70 31 2
82 58 1 49 91 3
17 55 3 3 28 2
23 61 3 89 4 4
81 46 2 66 94 1
29 40 4 27 22 4
88 61 2 95 13 3
16 10 3 66 25 4
43 28 2 72 73 2
2 79 2 8 88 1
3 64 2 28 73 2
33 25 1 33 13 1
14 88 3 98 55 2
67 37 3 83 13 3
20 31 4 64 91 4
50 16 3 86 40 3
56 82 3 81 10 2
71 85 3 92 31 4
77 94 2 48 55 4
88 67 4 40 97 2
23 31 1 94 37 4
38 61 4 24 73 2
35 49 3 86 61 4
99 10 4 33 19 3
98 58 1 4 16 1
89 97 1 68 61 2
65 79 3 50 22 1
63 13 3 1 25 1
81 82 2 33 73 1
28 58 3 65 46 2
22 79 2 52 64 1
42 82 1 43 73 3
20 67 4 90 73 4
23 64 2 65 82 2
66 46 1 25 76 4
8 4 1 34 7 2
39 85 3 4 22 3
22 58 1 41 25 1
41 70 2 45 55 3
4 91 4 59 1 3
93 73 1 29 88 4
14 55 2 67 79 1
51 79 1 90 22 1
37 61 1 27 64 2
80 37 2 38 64 3
54 13 4 36 91 4
7 46 4 76 34 3
38 37 4 71 7 1
48 70 3 67 73 3
91 58 4 15 28 2
54 10 1 80 70 3
60 82 3 37 43 3
93 94 2 44 82 3
44 43 4 7 82 4
50 64 3 58 61 4
59 82 4 80 88 1
88 22 3 75 85 3
77 25 1 51 16 2
38 1 4 78 28 3
64 1 2 19 94 4
9 13 1 56 55 4
77 55 3 80 79 4
94 70 1 69 28 4
48 25 2 42 25 4
47 85 3 74 13 4
2 58 1 29 28 4
29 10 2 26 88 3
2 25 4 73 10 2
94 88 3 84 7 4
23 4 2 84 37 2
48 91 4 45 46 2
26 49 4 65 58 2
59 16 2 83 73 3
74 28 3 60 31 4
72 76 1 71 4 2
96 70 3 28 49 2
31 52 2 29 16 4
79 13 3 68 25 2
5 4 4 81 97 1
83 52 2 53 1 1
31 43 1 83 49 3
92 82 3 65 4 4
76 19 4 4 25 2
17 52 4 17 28 4
17 73 1 83 43 1
48 46 3 70 25 4
32 43 4 37 25 1
43 16 2 2 31 2
47 76 2 4 97 2
24 64 1 47 43 1
8 25 2 30 58 1
13 79 3 79 55 1
64 58 3 67 94 4
31 1 3 52 4 1
36 1 2 94 64 3
62 10 1 92 70 3
88 55 4 48 61 2
62 1 4 82 79 2
50 61 4 16 85 2
88 40 1 70 1 4
61 19 3 28 82 3
6 91 2 7 73 3
73 25 1 41 37 1
55 55 1 48 22 3
5 7 3 72 49 2
64 4 1 90 55 2
48 16 1 36 73 2
2 1 4 77 43 3
86 7 2 85 37 1
43 94 4 87 76 2
73 67 3 20 13 2
16 97 2 46 58 1
56 19 4 82 52 3
25 97 1 50 46 1
49 79 3 96 76 1
29 19 3 72 43 4
4 46 3 17 67 3
89 64 4 22 7 2
92 61 2 12 7 4
55 79 1 26 94 1
15 88 2 74 40 3
97 97 1 73 64 4
42 70 1 8 46 3
40 7 4 32 67 4
25 67 3 14 82 1
42 91 2 79 40 2
19 64 2 47 28 2
81 19 3 41 97 1
40 22 3 45 70 2
86 64 3 98 43 2
80 28 1 22 61 4
64 85 2 89 85 1
7 7 1 3 1 3
31 67 1 86 16 3
40 16 1 68 64 1
77 46 2 7 70 4
60 70 3 20 88 1
69 31 3 96 58 3
42 73 4 38 25 4
11 13 3 35 7 1
55 61 3 29 55 3
37 28 4 47 67 1
8 22 3 24 43 4
23 28 2 85 34 2
88 10 3 63 52 2
86 52 3 56 79 4
63 1 3 19 13 3
93 91 3 73 16 4
67 91 1 19 82 4
63 4 2 90 4 3
2 97 4 31 73 3
88 28 1 36 37 2
13 97 1 74 97 4
68 34 3 72 10 3
26 64 3 2 85 4
72 52 1 33 46 2
58 40 3 40 73 2
72 22 3 84 31 4
64 73 2 66 37 4
63 28 2 56 25 2
86 91 2 47 25 3
66 85 4 72 1 2
38 10 1 41 85 1
54 43 2 78 67 2
59 79 1 61 34 2
90 16 3 71 70 4
51 82 4 29 82 2
84 10 3 82 34 1
43 7 1 50 1 4
44 10 3 70 76 3
44 22 3 91 37 3
93 25 1 20 61 2
49 19 3 71 94 4
92 28 1 25 19 3
64 55 4 58 82 1
14 64 3 83 7 1
40 25 2 39 25 3
83 1 3 60 10 3
20 46 3 21 70 2
93 70 2 39 73 3
54 28 3 60 58 3
96 91 4 73 43 3
24 94 3 34 67 2
85 94 2 29 25 1
90 7 2 21 46 2
8 52 1 61 13 1
83 55 1 63 19 1
9 85 1 6 16 3
27 55 1 49 76 4
51 52 2 10 76 3
89 52 4 17 91 3
84 91 4 46 4 3
93 4 4 44 19 4
81 88 4 67 16 2
47 70 4 81 31 3
60 1 2 6 70 1
24 25 2 66 61 4
90 97 4 20 64 1
66 76 3 27 61 3
71 19 1 76 76 1
36 82 3 69 55 3
59 19 1 88 64 1
69 91 3 78 4 3
66 70 1 26 37 4
50 73 4 80 58 3
94 19 2 14 40 3
6 4 3 6 10 1
2 55 2 24 34 3
35 52 2 45 58 2
94 34 1 32 55 4
13 37 1 32 7 4
47 91 1 53 67 3
47 7 1 6 7 2
43 91 1 51 64 2
1 19 3 57 10 2
34 94 1 93 52 4
39 19 1 23 16 2
51 73 3 41 88 4
33 52 4 73 37 1
67 31 1 48 4 1
84 82 3 56 37 2
33 55 3 69 73 1
48 43 4 57 82 2
62 4 3 16 55 4
93 10 2 90 91 2
32 10 3 75 91 1
26 70 1 19 16 2
20 85 2 70 73 4
47 52 2 29 34 2
24 58 3 4 79 4
31 91 1 38 97 4
21 34 2 56 40 1
88 4 1 18 28 3
44 7 4 81 52 4
53 64 4 73 13 1
71 67 1 79 7 1
79 85 3 88 43 4
20 43 4 87 34 4
82 97 4 72 79 4
1 97 1 66 82 1
14 94 1 84 22 3
89 67 3 88 25 2
15 43 1 6 25 4
76 37 2 6 76 3
84 64 1 2 16 3
31 16 2 15 82 4
79 31 1 57 40 4
70 37 4 90 64 3
34 52 3 86 22 1
24 79 4 11 91 1
26 97 4 54 46 1
95 4 2 83 64 2
3 55 1 65 37 1
78 76 3 62 61 4
78 97 4 57 76 4
2 52 3 10 13 4
58 94 1 96 37 2
31 46 4 26 46 1
9 28 4 59 40 2
49 10 2 47 73 3
81 34 2 58 10 1
14 52 3 33 1 1
29 79 3 19 97 3
62 22 1 22 46 1
22 82 1 34 88 3
52 37 2 15 67 1
60 52 1 59 94 4
70 91 2 36 55 4
38 73 4 82 16 3
6 13 4 46 37 4
21 37 1 39 49 3
23 10 4 73 97 1
4 70 3 64 88 1
46 79 2 58 49 4
12 76 1 1 55 3
29 4 4 82 49 4
10 64 3 71 10 4
47 49 3 6 34 1
10 10 1 47 94 4
48 10 3 16 25 2
13 67 3 7 88 2
91 49 3 30 46 1
6 46 1 31 97 3
3 7 1 46 91 2
97 4 4 44 55 4
55 82 4 77 16 4
40 61 2 47 79 1
29 46 2 35 76 2
23 79 1 22 97 4
91 76 2 14 46 1
53 19 3 44 58 3
85 46 2 80 46 3
94 76 3 96 49 2
63 94 4 77 7 3
29 67 3 81 70 2
31 64 2 69 76 4
65 13 1 19 34 4
37 94 2 95 55 1
70 28 3 79 28 2
33 91 3 1 22 2
87 40 2 30 70 1
66 67 2 1 85 1
27 76 2 95 19 1
12 55 4 75 79 1
41 67 3 20 79 4
76 94 3 63 70 4
27 82 4 30 37 4
29 94 2 49 64 4
90 67 2 40 58 3
16 52 1 45 1 1
94 73 4 16 19 4
13 16 4 64 49 2
52 85 2 19 70 4
95 76 2 15 64 2
74 10 1 26 16 3
21 28 4 41 13 1
10 43 2 50 43 2
16 7 4 64 61 2
97 34 2 73 28 4
20 4 1 98 37 4
8 79 4 42 52 3
81 61 1 35 70 4
23 94 4 13 31 3
93 76 4 35 58 4
40 64 1 57 67 3
58 37 4 95 64 2
68 70 3 26 85 4
90 79 2 85 16 4
41 64 4 41 52 4
16 82 3 21 31 3
24 28 1 73 94 2
38 88 3 34 91 2
54 67 2 42 79 2
35 85 3 74 49 4
27 46 4 72 61 2
92 97 2 4 43 4
74 16 3 70 61 4
91 13 3 87 67 1
99 58 4 8 10 3
51 94 4 79 97 3
33 7 3 93 43 3
94 91 2 14 13 4
16 37 2 20 94 3
84 40 1 30 94 1
11 67 1 56 16 1
6 22 1 3 25 3
81 28 4 55 73 3
76 16 1 46 43 2
26 7 2 30 28 3
91 43 1 94 16 3
49 97 1 62 55 2
86 82 1 49 58 2
96 1 2 78 61 4
34 10 1 4 61 2
26 40 3 80 73 2
56 70 3 48 64 1
20 70 3 55 64 2
54 7 2 2 43 2
25 64 4 46 1 4
46 46 1 83 25 3
85 97 1 40 46 3
43 88 2 36 25 2
26 22 1 9 61 1
15 55 1 20 28 1
27 73 3 51 55 1
65 70 2 85 64 4
5 46 2 97 28 4
62 58 1 28 43 4
30 1 4 45 13 1
54 58 1 98 46 1
75 13 3 64 19 4
11 34 4 93 97 1
2 64 3 6 55 2
22 70 1 86 97 4
37 73 1 96 19 4
39 28 2 31 34 4
25 70 2 6 19 2
15 19 1 89 28 4
81 94 2 14 49 4
42 58 1 41 79 3
3 88 2 53 85 1
22 85 4 60 94 3
57 49 1 22 1 4
10 58 1 3 10 4
37 16 4 54 16 3
49 7 3 24 97 2
69 43 3 86 58 1
84 55 4 28 46 3
82 31 2 93 82 2
47 37 3 15 58 4
56 4 1 10 4 3
71 97 3 97 55 3
84 19 4 95 91 1
33 37 1 13 19 3
47 88 2 89 10 2
67 4 2 5 31 3
67 19 1 17 88 4
17 97 1 52 13 2
42 37 4 63 7 1
6 40 3 49 16 4
44 91 4 3 85 3
76 25 2 81 40 4
43 79 1 40 55 4
17 4 4 20 37 2
75 58 4 92 79 4
25 73 1 45 4 4
93 28 4 23 22 4
29 13 1 20 34 3
91 70 4 76 46 3
4 58 3 1 79 3
30 34 1 71 34 4
70 94 1 69 52 4
33 64 4 2 46 1
84 76 1 82 10 1
34 25 4 68 91 4
96 88 1 72 64 1
39 52 2 67 22 4
70 16 3 48 40 1
89 19 3 35 67 1
55 94 4 9 79 3
51 76 2 50 49 4
47 22 4 50 76 3
12 64 1 5 19 3
14 76 3 5 52 4
25 58 2 40 91 4
60 25 2 36 40 1
47 13 3 21 67 3
11 58 4 78 16 3
30 22 1 71 46 4
11 97 3 69 67 3
43 49 3 92 25 2
18 88 3 90 52 3
17 16 4 32 1 2
84 94 3 27 52 2
49 25 1 91 40 2
85 10 2 23 25 3
35 10 4 2 94 1
98 34 1 46 19 2
54 88 3 44 1 2
19 10 4 69 37 1
72 37 2 23 43 1
98 97 4 53 91 3
17 10 2 56 73 2
49 73 1 85 61 1
75 1 3 83 22 4
8 94 3 35 91 1
74 73 4 97 52 4
25 52 4 97 31 3
66 58 1 36 76 1
17 34 2 98 70 1
10 1 4 16 34 3
44 28 1 94 43 2
67 40 2 88 46 3
73 4 4 68 22 3
31 88 2 76 31 4
27 25 3 80 91 4
19 25 3 75 82 4
41 4 4 5 61 1
86 37 4 60 64 1
74 43 2 64 28 1
55 58 4 97 19 3
10 73 4 35 37 3
89 46 2 25 82 2
73 61 1 44 70 3
87 37 3 68 76 1
16 28 1 6 61 4
76 58 3 29 76 4
42 55 2 45 67 3
58 76 3 9 43 3
5 67 3 96 61 2
82 67 2 73 52 4
50 79 2 24 82 3
55 34 4 49 31 3
10 19 2 45 10 2
16 88 1 49 85 1
25 79 3 69 94 2
24 16 1 64 13 2
34 4 3 84 85 2
75 10 4 75 73 3
67 55 1 8 91 4
80 31 4 20 97 2
3 16 2 65 55 3
64 25 2 21 97 1
25 40 4 3 46 4
3 40 2 50 88 3
75 43 1 33 97 1
84 28 1 18 82 1
27 79 1 23 52 2
93 58 2 24 22 3
52 40 1 59 43 1
22 19 2 75 76 2
16 73 2 33 43 3
27 10 4 97 22 2
10 37 4 74 94 1
50 70 1 14 22 1
11 1 3 22 88 3
59 70 4 32 31 4
7 31 1 42 85 4
63 46 4 38 85 4
81 67 3 33 94 2
56 7 4 92 34 3
64 37 2 67 85 3
94 1 4 3 61 3
30 13 4 57 55 3
54 55 2 81 22 2
91 85 3 91 82 4
96 79 4 34 82 1
87 61 3 48 94 3
55 76 2 71 43 1
69 10 2 40 34 3
61 1 1 83 31 1
61 49 1 23 37 3
44 97 2 86 10 1
7 43 1 81 25 1
69 40 4 46 10 1
81 37 1 91 10 4
3 19 1 13 40 4
16 64 1 68 10 3
8 28 1 86 88 3
88 16 1 4 4 1
19 28 2 12 79 4
50 94 1 8 43 4
78 88 3 28 10 3
71 25 3 39 82 4
66 16 3 62 7 2
50 97 4 9 58 2
16 40 1 48 49 2
10 40 3 48 7 4
71 49 3 65 1 1
15 49 3 32 73 2
42 67 2 85 73 1
67 58 4 92 37 2
89 40 4 6 28 3
8 64 1 41 82 2
77 73 1 1 43 3
51 28 2 99 28 2
57 4 4 39 16 2
95 37 3 92 73 2
62 82 1 6 31 2
99 67 1 36 79 4
20 82 3 48 79 4
39 88 2 3 97 3
11 43 1 11 4 2
81 79 3 30 97 4
31 49 3 2 88 3
22 4 3 3 43 1
50 4 3 71 61 3
80 7 4 54 70 1
26 28 3 15 91 1
72 46 3 76 82 3
75 37 3 79 94 4
97 82 2 14 70 1
77 70 2 26 10 1
44 4 1 83 70 4
11 61 3 50 13 4
64 52 1 56 46 3
19 88 2 96 28 1
9 1 1 83 79 1
59 85 3 56 28 1
35 97 3 79 46 4
78 73 4 76 1 2
17 7 3 51 4 2
8 85 2 32 46 3
66 13 4 77 85 1
33 85 1 6 37 4
60 88 1 36 31 4
82 13 4 93 1 1
59 58 4 95 73 3
76 97 2 44 34 3
4 67 4 58 73 4
73 85 1 12 31 4
19 61 3 17 49 1
88 79 4 60 91 4
12 19 4 18 91 2
78 43 2 52 97 2
2 7 2 3 37 3
49 70 2 66 7 2
54 64 3 39 61 3
22 91 2 88 58 3
65 91 3 23 13 3
71 40 2 40 19 4
99 82 4 75 28 2
73 55 3 59 97 3
75 70 4 62 91 2
31 58 4 65 16 4
72 28 1 93 37 1
42 64 3 57 7 3
31 79 1 85 43 3
14 73 4 96 34 3
95 97 3 59 55 1
9 19 3 90 1 4
5 85 1 95 10 4
35 28 2 80 76 1
91 31 1 94 46 1
50 91 2 45 97 1
99 79 1 49 52 4
56 1 2 98 64 3
64 79 4 39 10 4
37 52 4 56 31 4
61 64 4 59 73 3
62 49 4 17 37 1
4 40 1 4 37 2
61 61 1 88 94 3
97 43 3 57 97 1
14 10 1 98 94 1
43 1 3 25 31 3
61 16 4 73 1 1
8 70 3 98 91 2
72 7 4 2 10 1
87 13 3 85 76 4
43 85 3 69 61 1
7 52 2 94 94 1
67 67 1 61 82 2
49 37 1 75 88 2
14 85 4 78 31 2
54 79 2 99 43 1
35 16 2 70 88 3
26 31 2 33 61 1
8 40 1 78 58 1
12 10 3 80 13 2
39 79 1 6 79 2
73 88 4 7 55 1
72 31 4 55 4 2
39 1 3 2 22 1
7 28 2 70 4 3
64 34 3 33 22 2
28 40 1 57 52 4
17 40 4 3 73 3
54 34 1 79 82 4
56 34 3 80 16 1
66 88 3 27 85 3
4 88 1 66 43 2
62 31 2 91 16 2
29 61 1 24 70 3
11 82 4 7 58 4
30 88 3 1 4 4
92 19 4 91 64 2
58 64 3 11 49 3
19 22 4 41 76 4
84 46 3 34 76 3
89 34 2 1 1 1
66 49 4 13 4 4
18 97 4 18 34 1
67 13 3 95 46 4
57 1 1 56 97 2
25 7 3 91 4 2
43 40 2 66 40 3
61 28 4 16 1 2
24 52 1 87 82 4
78 64 3 22 52 3
28 70 3 28 55 4
23 70 4 29 31 3
69 46 2 59 76 2
85 67 3 91 1 3
7 25 3 5 22 2
28 25 2 6 58 1
48 19 4 97 46 2
12 91 4 79 79 1
70 82 1 21 52 4
85 52 4 36 34 3
8 73 2 63 31 1
34 58 1 18 73 4
4 94 3 78 37 4
7 37 3 96 13 2
79 49 3 87 28 2
69 4 4 92 55 4
30 52 3 77 97 1
36 4 1 80 43 4
4 28 1 79 34 4
40 79 4 65 34 2
27 94 4 10 49 4
60 73 2 87 88 2
99 91 1 9 37 1
68 40 1 88 31 4
27 28 2 49 55 3
1 37 1 89 7 3
80 19 4 5 64 4
58 31 2 39 55 1
1 82 2 32 19 4
32 37 2 53 61 1
36 22 3 84 67 4
73 46 2 82 61 4
42 16 3 74 76 3
24 76 1 33 88 4
36 7 4 17 76 4
3 70 4 14 34 1
77 34 2 18 79 2
41 55 3 52 61 2
54 76 3 28 7 4
71 73 3 26 67 2
60 7 4 13 1 1
69 7 3 18 67 2
95 79 1 67 82 4
23 97 3 93 88 4
13 28 4 85 88 4
76 22 3 16 58 3
96 10 3 75 97 3
41 34 2 7 61 3
88 37 2 15 1 3
99 85 3 82 37 4
67 70 4 2 40 3
7 34 4 11 10 4
55 97 3 98 82 1
66 31 2 5 37 1
80 61 2 55 43 1
2 82 1 96 25 2
65 49 1 57 46 2
15 76 2 40 76 1
89 91 3 34 22 1
85 22 2 73 22 2
31 10 4 47 61 3
64 16 1 8 37 2
4 34 3 24 19 4
56 64 1 53 22 2
63 10 4 12 4 1
33 82 2 66 55 2
42 7 2 1 64 4
60 55 4 50 52 3
43 19 1 54 1 4
12 88 1 18 64 3
45 76 4 11 16 2
92 91 4 99 88 2
43 61 3 78 25 4
1 16 4 83 10 4
63 61 3 80 85 2
54 52 3 38 79 2
77 40 4 46 73 4
67 28 2 56 49 2
2 4 3 53 88 4
89 61 1 66 4 3
41 40 4 56 61 2
10 94 1 61 10 2
6 64 3 76 40 1
1 88 4 25 91 3
2 13 4 96 43 4
9 55 3 99 76 2
13 94 2 83 37 3
62 28 3 66 97 4
52 67 4 38 34 1
52 79 4 71 52 2
45 94 2 4 31 4
51 1 3 42 94 1
9 7 3 93 34 2
40 13 2 11 40 2
21 7 3 94 85 4
55 10 4 20 22 3
82 22 1 58 28 3
25 85 1 98 28 3
22 76 3 15 52 2
53 49 1 14 19 2
26 25 4 43 52 2
5 76 4 60 43 4
67 1 3 41 16 4
28 79 4 85 13 1
70 22 1 85 70 2
90 40 3 65 31 3
21 16 4 59 7 1
1 73 1 51 25 3
3 49 3 16 70 3
24 49 2 50 31 2
87 4 2 43 97 3
5 82 2 86 46 1
1 49 1 88 73 2
52 25 2 76 55 4
59 31 1 60 40 1
83 19 1 19 43 1
77 22 2 51 58 4
5 40 4 37 91 3
80 49 2 1 13 1
11 70 4 86 73 4
12 43 4 6 67 2
76 85 2 45 19 3
38 91 2 85 85 1
70 49 4 48 67 4
88 85 2 4 55 4
24 67 4 33 67 3
79 88 2 93 22 2
36 64 1 76 67 4
19 19 1 91 7 1
13 13 1 96 97 2
19 31 1 16 22 3
70 85 4 64 94 3
36 88 1 50 37 4
54 40 3 10 61 4
2 37 4 45 64 4
34 70 1 71 91 1
94 97 4 97 49 1
43 82 4 56 43 4
39 67 1 79 25 3
72 55 4 60 79 4
17 58 2 46 16 3
32 61 2 14 67 2
50 67 2 9 67 3
94 79 2 47 64 2
63 43 1 24 1 2
32 85 2 36 94 3
1 61 1 36 67 4
4 1 2 15 46 4
13 52 4 73 76 4
35 13 3 18 85 4
64 10 3 66 34 1
21 64 4 92 7 4
63 88 2 59 10 4
84 1 2 91 34 4
86 25 4 5 28 4
18 31 2 37 55 3
36 28 1 87 70 4
81 43 3 36 70 3
70 64 3 51 70 4
42 22 1 56 58 3
66 91 2 99 22 4
13 70 2 23 46 4
85 58 2 95 61 3
23 40 2 20 52 1
79 4 2 62 73 4
37 10 2 12 52 1
80 1 2 30 76 3
79 1 3 82 64 3
76 7 4 48 28 1
63 16 2 19 7 1
38 19 2 84 97 2
63 40 2 49 34 2
4 49 2 41 31 3
63 73 3 39 76 2
4 19 4 78 13 4
60 13 2 15 7 1
94 67 2 23 58 4
52 52 1 95 31 1
93 55 3 99 97 3
32 97 2 86 76 3
18 49 4 91 46 4
92 13 2 45 37 1
54 97 4 89 55 3
44 40 1 44 94 3
91 52 2 35 82 4
57 73 1 87 52 2
97 25 1 79 19 1
29 1 1 59 46 4
30 7 2 20 16 1
5 94 2 32 16 1
82 73 4 44 25 2
7 85 3 85 31 3
21 19 3 11 7 1
39 13 3 80 52 1
58 7 2 2 34 1
93 61 1 76 43 4
31 19 1 49 28 4
52 91 4 30 43 2
59 22 4 43 67 1
38 46 1 27 13 3
27 1 3 19 85 3
76 49 2 10 82 1
83 91 1 45 82 2
73 70 2 27 70 4
45 43 3 8 34 3
51 97 3 92 64 1
9 10 2 77 79 3
43 25 3 18 13 4
98 67 2 71 64 2
68 79 4 89 22 2
12 73 2 47 97 3
81 73 1 37 97 1
56 94 3 44 67 4
58 34 1 62 52 3
69 85 1 10 52 3
25 1 1 76 88 1
20 1 2 93 85 1
71 79 1 26 43 2
39 4 2 46 82 1
72 70 3 19 76 2
14 25 4 54 4 3
47 40 2 63 76 2
40 43 4 15 70 4
25 61 1 65 19 3
53 40 4 58 70 1
19 58 4 19 55 1
27 67 1 85 19 3
42 43 2 29 7 3
67 97 3 98 76 3
6 73 4 71 58 4
46 13 4 25 28 4
61 88 4 70 70 1
59 49 3 29 52 4
53 94 2 99 13 3
14 4 3 40 1 2
45 49 1 37 1 1
95 58 4 71 37 3
57 16 4 15 73 3
54 61 4 89 31 3
43 70 4 34 79 2
29 37 1 22 64 3
43 22 4 80 55 4
32 94 3 25 13 1
87 73 3 69 64 4
25 16 4 9 22 2
8 76 1 5 16 4
36 19 4 95 82 4
27 16 2 54 94 1
78 22 1 61 40 4
24 46 3 38 76 3
13 7 3 52 94 3
59 91 1 60 46 3
75 49 3 33 16 4
94 22 1 58 13 4
92 4 1 46 22 1
90 70 1 39 58 4
13 76 4 35 1 3
94 4 3 96 85 2
63 37 3 95 43 1
15 79 1 84 13 2
3 31 1 50 55 2
57 79 3 62 67 2
28 76 1 87 43 1
9 16 4 87 10 4
94 58 1 84 70 3
33 28 4 43 34 4
94 10 1 21 4 4
88 91 4 3 67 1
34 55 2 16 16 1
47 16 2 70 34 1
13 85 1 85 79 3
65 67 3 28 4 1
78 7 2 31 13 3
6 88 3 12 58 3
3 52 2 70 58 1
29 22 2 55 70 4
27 40 2 38 94 1
13 43 3 59 61 3
93 31 3 43 55 1
73 40 4 61 43 3
49 13 1 83 46 4
18 43 2 19 40 2
30 64 3 37 19 3
69 70 2 51 85 3
2 28 3 26 34 1
63 49 3 2 76 3
45 79 3 11 79 1
32 49 2 1 28 4
31 61 3 33 4 4
69 22 2 92 85 2
50 40 3 5 79 3
31 7 1 14 58 1
34 85 4 69 79 3
97 7 3 4 13 2
31 70 4 80 64 1
57 34 2 98 85 4
55 37 3 71 82 4
37 64 4 75 19 1
64 40 1 70 97 4
61 7 3 80 94 3
39 43 1 3 22 4
87 31 1 21 10 2
39 37 3 61 91 3
86 43 2 33 40 4
39 40 2 9 97 1
41 94 2 26 79 2
91 25 3 46 40 3
58 16 3 2 49 4
25 94 2 10 46 1
3 58 4 96 46 3
52 7 4 99 70 4
24 31 4 76 64 1
53 37 1 97 58 2
36 43 4 37 79 3
39 64 2 16 76 1
89 37 1 32 91 4
22 43 2 15 13 3
70 79 2 1 58 2
98 88 3 67 46 4
4 10 3 78 10 1
38 22 1 57 43 3
77 58 2 1 52 4
63 91 1 1 76 4
50 85 4 27 49 3
22 22 1 40 85 2
51 91 1 38 49 4
82 85 4 31 85 3
32 58 3 7 40 2
93 13 1 70 40 3
17 1 1 61 37 1
11 28 2 27 4 2
8 16 1 50 82 1
11 52 2 21 25 1
77 28 4 38 7 2
97 88 4 77 10 2
57 25 1 80 67 4
76 70 3 9 73 1
71 13 3 84 4 1
89 88 4 11 46 4
52 31 4 96 52 1
74 79 2 75 22 4
12 1 2 78 1 4
68 13 2 61 31 3
96 64 1 77 91 3
91 73 3 54 25 4
3 94 4 67 52 2
30 31 2 92 46 3
83 4 2 58 88 3
98 73 4 28 19 4
37 4 4 50 19 2
43 64 2 78 91 2
85 28 4 14 79 2
82 88 3 74 82 1
71 76 2 48 73 2
10 7 2 1 46 2
60 22 3 45 31 3
62 79 2 26 73 4
18 4 3 96 94 3
15 40 2 53 43 3
68 88 1 11 31 1
8 82 3 61 76 4
13 46 2 45 85 1
55 52 2 92 52 1
90 13 4 30 61 4
26 55 2 41 61 1
91 22 4 53 28 4
75 16 2 55 91 1
34 97 4 77 88 4
69 13 1 44 46 3
25 55 3 73 91 3
54 22 1 28 94 3
90 58 1 12 25 2
5 70 2 59 28 2
50 58 1 40 88 1
55 46 4 22 34 1
55 40 2 48 58 3
53 10 2 39 46 4
14 1 4 77 64 4
65 22 2 36 16 1
76 73 2 88 34 3
42 61 4 77 49 1
90 88 3 74 34 1
32 40 1 38 52 3
49 88 4 26 13 4
61 25 1 45 73 1
61 52 4 9 94 2
49 4 4 53 73 1
10 97 4 95 94 4
98 13 4 83 58 4
40 4 1 76 13 2
84 61 2 13 10 2
92 43 4 72 19 4
66 52 3 93 67 3
24 55 4 16 43 4
15 4 2 49 67 3
69 19 3 4 82 3
53 46 2 53 97 1
73 7 3 57 28 4
63 58 4 9 4 4
17 61 1 4 85 2
10 85 4 68 46 3
78 82 1 88 7 4
82 40 3 50 7 2
51 67 1 87 7 1
61 94 2 12 70 3
72 40 1 37 22 2
35 64 2 21 43 3
16 61 2 30 73 4
52 46 3 48 1 2
70 67 2 8 58 3
3 34 4 3 82 4
53 58 2 71 16 2
34 64 3 87 79 1
92 16 1 56 13 2
79 10 4 79 91 1
90 19 2 83 40 2
15 16 2 39 70 4
53 76 4 32 4 1
79 76 2 68 1 2
52 10 3 75 52 2
28 67 4 65 97 1
48 52 1 21 40 4
16 91 4 52 82 3
7 13 3 4 73 2
39 22 4 95 22 4
6 43 2 68 31 4
90 37 4 49 49 1
33 76 4 35 19 1
20 19 4 4 7 4
56 10 3 57 13 1
41 49 1 65 88 4
13 22 2 95 7 1
18 55 2 15 97 3
78 85 4 95 52 2
88 97 2 81 7 3
23 67 1 38 58 1
11 22 4 47 34 4
25 43 3 26 61 4
2 19 2 94 25 4
1 31 3 45 7 3
99 34 4 59 52 2
19 49 3 7 76 2
17 31 3 81 4 4
12 40 1 12 49 2
22 28 3 81 64 4
58 22 1 78 70 1
36 46 3 94 40 3
32 88 1 80 10 3
78 34 1 29 58 2
73 49 1 63 34 4
77 37 1 27 43 1
39 34 4 78 19 2
57 94 2 97 67 3
69 97 1 59 67 1
5 10 2 5 73 1
5 43 3 6 82 1
28 13 2 4 76 1
40 40 1 57 88 4
25 22 2 89 16 4
54 37 4 75 61 3
84 34 3 55 13 3
64 46 3 32 13 2
19 4 2 18 7 2
64 64 1 84 73 2
82 25 4 86 13 4
52 16 1 12 34 3
63 25 3 82 82 1
51 46 4 96 16 1
93 46 2 13 64 4
86 94 1 53 16 4
83 16 2 17 64 4
60 4 1 97 79 3
46 55 2 33 49 1
65 52 4 30 19 2
15 22 4 10 25 4
87 25 3 91 91 1
80 97 2 68 52 1
69 58 2 28 31 4
37 70 2 78 49 4
80 40 1 28 16 1
67 61 3 94 49 4
16 13 2 70 43 2
46 76 3 82 4 3
44 13 2 77 13 1
42 13 4 7 79 1
87 16 2 85 1 1
78 46 1 96 31 4
67 43 1 17 94 2
43 13 3 10 55 2
69 82 2 11 85 3
86 49 4 55 67 1
14 91 2 14 28 3
48 34 3 74 91 2
72 97 2 44 79 4
25 25 1 3 76 2
58 67 2 60 76 1
57 61 1 67 49 3
89 79 3 29 73 1
98 79 2 52 76 1
63 85 3 40 94 3
43 31 1 85 7 3
82 43 2 95 34 4
96 4 1 87 19 1
79 58 4 78 40 3
18 22 1 39 31 1
10 16 3 37 67 3
58 55 2 54 73 4
22 16 3 98 31 2
97 1 1 18 25 4
87 49 3 27 58 4
34 73 4 26 58 1
95 16 2 23 1 3
58 58 1 95 1 3
24 37 2 16 49 2
46 70 1 14 16 3
53 52 4 51 31 1
38 13 4 59 64 2
82 70 1 13 55 3
90 49 4 36 97 2
64 67 4 97 85 1
68 73 2 99 49 3
19 52 2 79 61 3
45 88 4 96 67 4
9 34 2 82 7 2
32 64 1 95 88 2
74 46 1 25 34 2
85 55 3 21 76 4
44 49 2 89 58 2
32 28 1 87 55 1
51 88 2 56 85 2
7 1 3 54 85 4
26 1 4 34 19 2
3 91 1 72 34 3
98 1 4 41 28 4
98 25 4 76 91 4
31 37 3 61 46 2
96 82 3 24 10 3
63 22 4 90 82 1
60 16 1 88 76 1
89 13 1 81 16 4
16 79 4 45 52 4
82 19 2 74 64 3
75 40 2 60 85 2
19 1 3 65 40 4
94 52 3 2 67 2
30 85 4 31 31 1
74 88 3 32 22 3
55 16 2 10 70 1
1 91 3 4 64 1
23 49 3 47 31 1
81 85 1 69 34 2
28 88 1 52 49 2
80 22 3 74 25 4
19 67 1 43 4 2
7 91 1 62 46 1
20 55 4 20 76 1
9 25 1 36 61 2
12 61 2 74 85 4
65 64 4 7 97 3
57 85 1 57 58 2
39 91 1 6 1 4
17 79 3 13 25 1
2 61 4 14 61 4
96 7 4 90 28 3
18 61 4 46 52 3
72 16 1 98 10 1
41 7 3 12 85 2
90 94 1 73 73 1
67 88 2 20 49 2
61 85 1 9 91 3
71 22 4 95 85 3
21 55 3 12 82 3
72 82 3 47 46 4
40 67 4 29 91 3
26 4 3 52 73 2
11 19 1 46 64 3
5 88 4 21 94 2
28 97 2 83 82 4
28 52 1 95 40 2
45 61 1 50 25 4
30 55 2 54 31 2
53 7 3 93 40 4
20 73 2 52 34 3
65 73 1 38 40 3
26 82 1 78 55 2
60 34 3 18 10 1
68 82 3 76 61 2
60 28 1 98 22 1
90 10 1 28 91 4
64 43 4 32 70 3
1 94 2 12 94 3
59 4 2 44 16 1
69 88 4 94 61 4
36 13 2 91 79 1
26 91 2 30 91 2
20 58 3 26 19 2
10 34 1 46 49 4
12 22 3 52 22 3
39 7 1 72 4 1
45 16 4 60 37 2
40 52 1 86 85 4
94 28 3 14 31 2
97 91 3 27 19 1
9 52 4 78 79 2
20 25 2 87 85 3
72 88 1 58 79 2
33 79 3 57 22 2
93 19 3 18 46 1
71 28 2 99 37 3
15 37 3 61 70 2
36 10 3 24 7 4
58 85 4 84 79 4
10 31 2 57 31 3
55 22 4 67 64 2
56 91 4 88 49 2
6 85 4 97 13 1
16 67 4 75 25 3
50 10 1 68 55 4
81 58 2 77 52 4
13 73 1 8 97 2
65 43 3 91 19 1
42 19 2 61 79 3
98 19 2 45 40 4
26 76 3 62 70 1
67 10 4 25 49 1
8 1 2 8 31 4
62 37 4 84 49 2
78 94 1 64 22 3
31 22 4 76 4 1
9 70 2 18 19 2
62 94 1 52 88 1
73 58 2 93 64 4
35 55 1 15 61 3
22 10 1 79 52 2
65 94 2 79 37 3
34 16 3 90 43 2
48 31 4 71 55 1
41 58 2 74 52 3
22 31 2 88 52 1
11 88 2 74 58 1
41 46 2 54 49 4
98 52 3 7 16 2
54 82 1 68 7 4
9 64 4 92 76 1
46 61 4 95 49 3
89 70 2 92 88 1
14 97 4 42 40 3
76 28 1 57 70 2
34 37 4 88 13 2
80 82 3 90 85 4
44 73 2 89 76 4
51 40 2 17 85 1
5 34 2 48 97 2
9 40 4 28 37 2
93 49 1 96 22 3
76 10 3 37 49 1
57 37 1 21 22 2
68 58 3 1 7 3
29 64 4 3 13 3
93 7 3 44 76 1
74 70 1 47 19 1
41 43 3 42 76 3
36 49 2 7 64 2
99 64 2 49 46 2
84 52 1 46 31 2
35 43 1 12 13 2
43 46 4 13 34 2
68 19 4 30 79 2
48 76 1 57 19 3
88 1 2 35 73 3
67 76 2 40 37 2
85 4 4 81 55 3
81 49 1 31 28 2
1 70 2 78 52 3
88 88 1 31 55 1
52 19 4 42 28 3
27 37 3 19 73 3
62 76 3 8 13 2
10 22 1 89 82 2
97 64 4 86 28 3
70 7 2 42 10 1
36 58 3 55 31 1
58 1 4 60 97 2
83 67 1 82 55 2
9 46 2 27 7 1
40 70 3 8 67 4
21 91 3 23 19 1
61 73 1 18 37 4
58 46 1 84 43 4
70 13 4 24 40 1
42 1 4 95 67 1
68 37 2 87 22 4
63 79 1 36 52 1
93 16 4 90 34 1
23 88 2 74 37 4
51 7 1 46 34 1
22 55 2 47 10 4
86 19 2 38 16 3
21 1 1 15 25 3
83 34 4 90 46 1
79 16 2 44 61 2
65 61 1 98 40 3
65 25 1 46 94 1
84 25 2 74 55 2
97 16 4 85 49 1
59 13 3 49 22 2
34 34 1 58 4 3
99 19 1 56 88 1
92 22 3 68 4 1
23 34 4 19 37 3
11 25 3 9 49 1
46 85 4 83 76 2
10 67 2 92 1 2
83 97 3 11 94 4
23 7 1 2 91 2
72 25 2 30 49 4
22 94 1 22 13 4
5 13 1 34 43 2
65 7 3 71 1 3
94 55 2 7 94 4
28 22 3 83 61 3
-1 -1 -1 -1 -1 -1
