50
20
36 0 3 23 26 3
2 38 1 13 18 3
15 36 1 32 46 1
17 16 1 3 2 3
48 8 3 13 42 3
42 12 3 8 10 1
6 16 3 21 36 1
25 8 1 46 14 1
37 8 1 17 48 1
33 42 3 46 34 1
2 16 3 40 14 1
35 34 3 25 34 3
28 44 3 45 26 3
12 10 1 34 4 3
22 6 1 36 16 3
13 20 1 20 18 1
35 0 1 21 42 3
28 32 3 21 16 1
32 0 3 28 40 3
36 6 1 41 28 1
19 12 1 40 16 3
4 22 1 26 48 3
46 46 1 2 42 1
29 16 1 33 22 3
20 26 1 13 36 1
14 46 1 22 4 3
15 24 1 20 8 3
3 46 3 15 22 3
8 0 3 27 22 3
28 36 3 10 10 1
48 10 1 12 4 3
9 18 3 29 14 3
5 46 3 40 38 1
16 40 3 25 16 1
18 42 1 18 44 3
14 32 3 39 16 1
23 48 1 48 44 3
26 10 1 36 32 3
31 28 1 48 0 3
22 44 3 25 2 3
22 30 1 11 6 3
43 16 1 19 42 3
28 48 3 48 28 3
25 28 1 32 2 1
36 46 1 30 46 1
11 20 1 36 26 1
1 0 1 17 28 1
46 26 1 4 36 3
46 24 3 42 48 3
23 30 3 1 20 1
26 28 3 2 14 1
41 0 1 13 4 1
27 44 1 30 0 3
30 22 1 48 2 1
10 8 3 16 20 3
13 48 1 24 32 3
49 38 3 33 14 3
12 20 3 7 8 1
32 12 3 29 20 1
1 6 3 16 24 3
26 40 3 22 40 3
22 2 1 8 28 3
24 12 3 2 12 3
34 18 1 42 0 3
30 44 3 16 32 3
30 24 3 8 34 1
9 6 3 33 12 1
32 10 1 33 0 1
1 36 1 10 40 3
17 8 1 38 42 1
29 26 3 27 26 3
5 40 1 29 40 1
3 40 1 40 42 1
49 24 1 43 28 1
34 32 3 8 38 1
25 46 3 12 26 1
20 40 3 7 0 1
23 40 1 24 38 1
23 22 3 40 18 1
26 32 3 21 4 1
43 48 1 33 32 1
47 8 1 46 4 3
12 16 3 15 34 3
13 38 3 19 6 3
4 42 1 1 10 3
20 30 1 25 4 1
45 0 1 16 46 1
32 24 3 38 32 3
47 22 3 45 46 3
42 34 1 23 10 3
31 20 1 8 20 3
10 6 1 3 24 1
1 26 3 28 14 1
33 40 1 49 28 1
17 32 1 11 22 3
10 12 3 24 4 3
29 0 1 11 32 1
46 12 3 30 40 3
30 10 1 32 14 1
45 38 3 6 20 3
31 38 3 39 36 1
46 36 3 39 12 1
28 28 3 35 28 1
19 32 1 32 22 1
46 8 3 12 34 1
33 4 1 30 36 3
11 42 3 9 34 3
43 12 1 48 30 1
6 44 3 30 8 3
14 22 1 41 12 1
18 18 1 17 12 1
20 38 1 33 24 1
44 2 1 1 34 3
25 18 3 47 4 1
26 0 3 17 40 1
28 24 3 18 32 3
17 42 3 29 42 3
4 10 1 2 4 3
44 8 3 30 18 1
28 26 1 22 46 1
14 42 1 29 4 1
32 36 3 19 16 1
9 26 3 20 34 1
34 16 3 47 0 1
6 28 3 39 28 1
8 22 1 19 8 1
17 4 1 47 18 3
39 18 3 43 46 3
31 30 3 29 10 3
40 28 3 25 12 1
25 24 1 32 48 3
18 48 3 49 16 1
43 42 3 5 4 1
48 14 1 33 46 3
4 20 3 39 4 1
47 20 1 26 20 3
20 36 3 3 0 1
41 4 1 48 4 3
22 8 3 25 10 3
10 46 1 6 2 1
14 4 3 19 28 1
21 6 3 38 38 1
14 28 3 38 30 1
10 36 3 46 44 3
48 34 1 1 40 1
40 46 1 38 14 1
46 22 1 21 26 3
21 30 3 18 36 3
46 28 3 39 38 3
27 46 3 35 4 1
37 48 1 23 32 1
12 6 1 7 28 1
9 44 1 31 40 1
17 0 1 40 44 3
48 22 1 18 46 1
35 10 3 4 0 3
36 10 1 5 34 3
38 12 3 40 6 1
14 38 1 10 18 1
9 4 1 46 0 3
19 26 3 7 18 3
4 16 3 33 2 3
24 16 3 23 12 1
17 34 3 42 38 1
39 46 3 3 14 3
7 14 3 11 40 1
47 44 1 15 30 3
7 6 3 21 20 1
25 0 1 21 34 3
8 16 3 25 14 3
27 14 3 39 10 3
28 42 1 47 30 3
38 34 1 33 20 1
28 16 3 14 40 3
30 32 3 49 46 3
45 34 3 44 14 1
22 24 3 33 16 1
18 30 1 34 10 1
4 6 1 26 38 1
14 26 1 28 22 1
8 40 3 39 14 3
32 30 1 24 48 3
24 34 1 48 48 3
2 32 3 21 38 3
19 20 1 34 2 1
39 32 1 27 20 1
49 40 1 41 10 3
26 6 1 15 40 1
43 4 1 49 26 3
42 16 3 3 48 1
34 46 1 19 40 1
2 28 3 31 42 3
21 28 1 7 48 1
16 6 1 18 6 1
24 28 3 38 10 1
7 16 1 38 44 3
9 28 1 7 12 1
19 36 1 27 40 1
8 8 3 19 48 1
49 8 1 42 28 3
4 34 1 44 18 1
34 36 3 12 38 1
28 10 1 2 2 1
48 20 3 21 24 1
37 26 3 21 40 1
35 38 3 34 22 1
1 28 1 13 28 1
5 44 1 8 2 1
39 30 3 2 26 1
41 26 3 43 24 1
13 14 3 11 48 1
21 2 3 23 18 3
3 36 1 13 12 1
43 30 3 22 42 1
18 20 3 29 30 3
16 30 1 45 4 1
22 28 3 16 10 1
42 6 1 34 48 3
37 28 1 33 8 1
5 16 1 24 30 1
42 10 1 20 2 1
41 18 3 22 10 1
23 36 1 19 10 3
9 16 1 37 6 3
48 18 1 2 34 1
28 8 3 2 6 1
24 10 1 23 44 1
1 38 3 26 26 1
34 30 1 29 22 3
23 8 1 20 12 3
44 4 3 41 14 3
14 6 1 23 16 1
39 0 1 49 14 3
43 2 3 6 12 3
12 32 3 7 4 1
6 34 1 2 48 3
24 42 1 2 46 1
19 46 3 1 30 3
38 4 3 24 20 3
3 28 1 11 12 1
41 34 3 36 48 3
42 22 1 4 26 1
18 16 3 20 6 1
6 30 1 11 8 1
6 40 3 40 32 3
10 20 3 9 42 3
29 44 1 47 24 1
38 26 1 1 4 1
44 36 3 29 38 3
20 20 3 31 26 3
33 48 1 16 48 3
13 40 1 42 20 3
39 34 3 23 42 3
47 46 3 49 10 3
24 6 1 38 24 3
36 30 1 44 34 1
47 42 3 9 12 1
18 8 3 44 42 1
26 34 1 37 40 1
27 34 3 17 20 1
10 26 1 15 16 1
7 42 3 36 34 1
7 44 1 40 8 3
16 38 1 9 10 3
6 38 1 5 48 1
38 18 1 45 20 1
32 42 1 34 0 3
17 36 1 17 44 1
27 36 1 30 20 3
15 26 3 6 36 3
48 24 3 37 32 1
43 0 1 5 22 3
45 16 1 13 32 1
20 48 3 14 16 3
44 26 1 43 18 3
49 44 1 41 46 3
26 12 3 39 42 3
43 34 3 5 6 3
34 6 1 47 32 1
14 44 3 30 34 1
37 44 1 20 46 1
4 48 3 6 4 3
3 10 3 43 36 1
37 30 3 35 24 1
28 4 3 1 16 1
14 48 3 34 34 1
45 22 3 33 6 3
35 6 3 18 22 1
12 14 1 11 34 3
39 20 1 36 24 3
31 24 1 26 14 1
34 12 3 27 48 1
32 44 3 39 48 1
25 38 3 32 28 3
33 36 1 9 38 3
47 34 3 28 46 1
35 8 1 7 46 3
35 14 3 34 24 3
14 0 3 31 8 1
34 38 1 14 8 3
20 24 3 34 26 1
37 36 1 38 6 1
15 4 1 7 26 3
38 0 3 38 20 3
21 46 3 21 22 3
3 6 3 5 8 1
4 44 3 34 20 3
29 36 1 17 30 3
31 14 3 3 20 1
35 22 3 19 30 3
43 8 1 31 10 3
44 10 1 17 22 3
10 48 3 3 18 3
44 22 1 33 34 3
20 0 3 32 20 3
13 6 3 1 32 1
11 38 3 27 10 3
1 2 3 47 10 3
9 36 1 40 4 3
15 2 3 2 22 1
37 22 3 49 42 3
29 2 3 29 46 3
26 24 3 37 0 1
43 38 3 40 40 3
42 26 1 3 8 1
41 42 3 44 48 3
27 16 1 18 14 1
38 8 3 32 38 1
24 36 3 37 10 3
26 44 3 8 36 3
5 32 1 43 22 3
30 12 3 4 28 3
43 6 3 13 10 3
14 24 3 30 14 1
18 40 3 44 16 3
13 0 1 46 40 3
48 16 3 8 32 3
6 48 3 20 42 1
33 38 3 27 42 3
32 16 3 45 36 1
41 16 1 5 0 1
40 48 3 24 0 3
12 8 3 27 2 3
21 14 3 38 36 3
37 18 3 34 44 3
46 20 3 25 22 3
35 32 1 41 6 3
29 48 1 48 32 3
11 36 1 35 36 1
31 16 1 27 18 3
7 40 1 39 24 1
36 36 3 25 32 1
38 22 1 24 46 1
11 26 3 44 40 3
37 42 3 32 26 1
16 34 1 46 30 1
23 0 1 11 2 3
38 46 1 42 8 3
36 14 1 22 36 3
16 36 3 20 16 3
19 44 1 32 34 1
33 30 3 10 24 3
38 2 1 34 40 3
49 6 3 45 42 3
23 34 3 41 22 3
4 14 1 45 6 3
25 36 1 17 46 3
36 18 1 23 28 1
37 14 3 47 40 1
5 12 1 12 0 3
39 2 3 10 16 3
28 2 1 49 0 1
36 22 1 38 40 3
15 20 1 25 26 3
49 4 1 26 36 3
30 6 1 48 40 3
8 12 3 16 28 3
15 8 1 26 42 1
40 22 1 17 14 3
3 4 1 35 40 1
3 30 3 19 22 3
7 36 1 33 44 1
15 18 3 14 18 1
36 2 1 44 38 1
38 28 3 44 46 1
30 38 1 6 18 1
1 8 1 31 32 1
35 30 3 42 2 1
34 28 3 16 2 1
27 0 1 41 40 1
1 18 3 4 24 3
49 48 1 40 0 3
2 44 3 40 20 3
31 46 3 45 14 3
45 28 1 43 14 3
21 10 3 17 26 3
42 24 3 6 0 3
35 16 1 27 28 1
29 32 1 5 36 1
2 10 1 6 8 3
46 48 3 25 48 1
13 24 1 48 26 1
42 42 1 31 36 1
27 30 3 44 24 3
10 4 3 16 4 3
33 28 1 46 42 1
2 40 3 7 30 3
44 30 1 10 28 3
12 46 1 37 12 1
9 14 3 22 48 3
8 30 1 42 46 1
15 6 3 46 32 3
43 10 3 11 16 1
12 18 1 24 14 1
15 42 3 12 40 3
45 48 1 5 10 3
31 22 3 37 24 1
11 10 3 8 6 1
47 26 3 19 0 1
47 2 3 8 4 3
3 34 3 12 30 1
21 32 1 39 8 1
43 26 3 45 40 1
4 30 1 6 22 1
6 10 1 8 46 1
3 22 3 21 48 1
13 44 1 30 28 3
40 12 3 1 42 3
35 2 3 20 4 3
37 2 3 19 18 3
21 12 1 45 12 1
4 2 1 11 28 1
31 2 3 17 6 3
28 18 1 25 6 3
41 20 1 7 32 1
14 10 1 43 32 1
41 38 3 15 32 1
21 8 1 40 36 3
18 10 1 46 18 1
3 42 3 25 30 3
13 22 3 19 34 3
5 20 1 41 44 1
39 44 1 11 46 3
36 42 1 26 18 1
42 4 3 43 44 1
20 28 3 49 36 1
6 32 3 24 22 1
24 26 1 7 24 1
34 42 1 10 22 1
39 40 1 41 48 1
9 8 1 35 44 1
11 14 3 47 6 3
13 26 3 22 14 1
16 44 3 1 22 3
19 38 3 9 20 1
11 18 3 13 30 3
46 6 1 47 28 1
26 22 1 8 48 3
1 24 1 40 34 1
6 46 1 15 48 1
28 30 1 2 18 1
46 16 3 47 12 1
43 20 1 22 32 3
9 24 1 30 2 1
38 48 3 25 40 1
30 30 1 18 34 1
45 30 3 45 32 1
5 14 3 23 4 1
35 20 1 5 24 1
47 36 1 30 42 1
6 26 1 41 24 1
29 24 1 15 14 3
7 34 3 22 20 3
26 16 3 35 26 3
21 18 3 39 22 3
15 38 3 4 8 3
17 24 1 28 0 3
13 46 3 49 12 1
14 14 1 29 8 1
24 18 1 11 30 3
12 36 3 15 12 1
46 38 1 30 4 3
27 8 1 40 24 3
44 32 3 30 26 1
31 6 3 20 14 1
11 4 1 9 32 1
2 20 3 5 42 3
1 14 3 24 40 3
25 44 1 1 46 3
42 44 3 31 12 1
25 42 3 35 48 1
33 10 3 35 18 3
18 0 3 24 44 3
31 18 3 24 2 1
4 4 3 19 14 3
10 38 1 9 46 3
3 32 1 23 14 3
5 30 3 2 8 3
17 10 3 30 16 3
2 36 3 16 0 3
6 24 3 24 8 3
5 28 1 46 2 1
49 2 3 12 12 3
7 2 3 16 16 3
37 46 3 15 0 1
1 48 1 33 26 3
3 16 1 49 30 3
6 42 1 41 32 1
31 4 1 21 44 1
29 6 3 16 14 1
49 32 1 22 34 1
11 0 1 23 20 1
10 2 1 20 44 3
39 6 3 36 20 3
14 12 3 32 40 3
2 30 1 8 26 1
37 34 3 10 14 1
3 38 3 27 24 1
12 28 3 31 34 3
40 30 1 4 46 1
33 18 3 32 8 3
26 8 3 12 42 1
7 38 3 4 38 1
17 38 3 45 2 3
34 8 3 29 12 1
16 18 1 26 46 1
18 4 3 49 34 3
40 10 1 37 38 3
43 40 1 28 6 1
22 38 1 48 46 1
12 48 3 42 30 1
36 12 3 10 44 3
15 28 1 35 12 1
4 12 3 27 12 1
29 28 1 36 40 3
17 2 3 16 26 1
21 0 1 29 18 3
48 36 3 12 22 1
23 24 1 27 38 3
44 0 3 30 48 3
9 40 1 20 22 1
41 8 1 48 12 3
18 26 1 44 12 3
15 46 3 36 38 1
2 24 3 14 30 1
12 44 3 32 6 1
45 24 1 1 44 1
23 2 3 8 24 3
23 6 3 24 24 3
36 28 3 41 2 3
36 44 3 42 32 3
42 36 3 7 20 1
39 26 3 18 24 3
6 6 1 45 10 3
5 2 3 49 20 1
19 2 3 4 40 3
35 42 3 20 32 3
48 6 1 16 8 3
28 34 1 15 44 1
32 4 3 9 48 1
16 22 1 15 10 3
7 22 3 7 10 3
4 18 1 49 18 3
42 18 1 44 20 3
32 18 1 49 22 3
22 26 1 3 12 1
42 40 3 28 12 3
45 18 3 46 10 1
22 16 3 47 38 3
28 38 1 6 14 1
14 36 3 45 44 1
13 34 3 41 30 3
10 30 1 10 42 1
5 26 3 48 38 1
11 44 1 28 20 3
37 20 1 40 2 1
26 30 1 47 16 1
23 46 3 48 42 1
31 0 1 14 20 3
20 10 1 19 24 1
17 18 3 10 32 3
22 0 3 14 2 1
5 18 3 9 22 3
47 14 3 27 32 1
31 44 1 8 14 1
9 0 1 16 12 3
18 38 1 5 38 3
44 6 1 34 14 1
9 2 3 37 16 1
42 14 1 36 8 3
25 20 1 10 0 3
2 0 3 18 28 3
41 36 1 11 24 1
31 48 1 3 26 3
22 12 3 8 18 1
3 44 1 36 4 3
8 44 3 23 38 3
13 2 3 19 4 1
45 8 1 35 46 3
27 4 1 1 12 1
13 8 1 14 34 1
27 6 3 12 2 1
44 28 3 18 2 1
22 18 1 10 34 1
44 44 3 16 42 1
8 42 1 37 4 1
26 2 1 22 22 1
12 24 3 32 32 3
13 16 1 26 4 3
4 32 3 47 48 1
9 30 3 18 12 3
40 26 1 29 34 3
-1 -1 -1 -1 -1 -1
